15.00 3.00
179.00 35.80
179.00 35.80
249.00 49.80
249.00 49.80
39 7.8
39 7.8
59 11.8
39 7.8
29 5.8
219 43.8
139 27.8
139 27.8
159 31.8
139 27.8
99 19.80
99 19.80
99 19.80
79 15.8
79 15.8
179 35.80
179 35.80
249 49.80
249 49.80
299 59.80
399 79.80
179.00 35.80
139.00 27.80
89.00 17.80
89.00 17.80
229.00 45.8
279.00 55.8
239.00 47.80
309.00 61.80
309.00 61.80
239.00 47.80
239.00 47.80
309.00 61.80
309.00 61.80

239.00
239.00
309.00
309.00
209.00
229.00
209.00
229.00
209.00
229.00
149.00
289.00
229.00
289.00
289.00
149.00
219.00
179.00
249.00
249.00
279.00
239.00
309.00
309.00
99.00
199.00
69.00
99.00
119.00
79.00
139.00
159.00
47.80
47.80
61.80
61.80
41.8
45.8
41.8
45.8
41.8
45.8
29.8
57.8
45.8
57.8
57.8
29.8
43.80
35.80
49.80
49.80
55.80
47.80
61.80
61.80
19.80
39.80
13.80
19.80
23.80
15.80
27.80
31.80